00000000000000000000000000000000
00000000000000000000000000000000
00000000000000111110000000000000
00000000000011111111100000000000
00000000000111111111110000000000
00000000001111000011110000000000
00000000001110000001111000000000
00000000011110000001111000000000
00000000011100000000111000000000
00000000011100000000111000000000
00000000011100000000111000000000
00000000011100000001111000000000
00000000000000000001111000000000
00000000000000000001111000000000
00000000000000000011110000000000
00000000000000000111100000000000
00000000000000001111100000000000
00000000000000011111000000000000
00000000000000111110000000000000
00000000000001111100000000000000
00000000000011111000000000000000
00000000000111110000000000000000
00000000000111100000000000000000
00000000001111000000000000000000
00000000011110000000000000000000
00000000011100000000000000000000
00000000011100000000000000000000
00000000111111111111111100000000
00000000111111111111111100000000
00000000000000000000000000000000
00000000000000000000000000000000
00000000000000000000000000000000
